ID,파일명
LH_sale_1,(LH_sale_1)_공가세대옵션내역(홈페이지첨부).pdf
LH_sale_1,"(LH_sale_1)_동호지정동호판(홈페이지등록,11월).pdf"
LH_sale_1,(LH_sale_1)_양산사송A-2블록신혼희망타운(공공분양)팸플릿(공고용).pdf
LH_sale_1,"(LH_sale_1)_양산사송에비뉴원신혼희망타운(공공분양)자격완화추가입주자모집공고문(선착순동호지정,잔금납부기간변경).pdf"
LH_sale_2,(LH_sale_2)_양주옥정A-4(1)BL동호배치표(241104).pdf
LH_sale_2,(LH_sale_2)_양주옥정A-4(1)BL팸플릿.pdf
LH_sale_2,(LH_sale_2)_양주옥정A-4(1)BL공공분양주택추가입주자모집공고문(무이자할부)(241104)★.pdf
LH_sale_3,(LH_sale_3)_전주시(풍경빌)임대주택분양전환후잔여세대일반매각동호지정공고.pdf
LH_sale_3,(LH_sale_3)_(요약)전주시(풍경빌)임대주택분양전환후잔여세대일반매각공고.pdf
LH_sale_4,(LH_sale_4)_평면설계도면(39형)_게시.pdf
LH_sale_4,(LH_sale_4)_(5호)중동경남아너스빌공가세대일반매각공고문(선착순무주택)_241106.pdf
LH_sale_5,(LH_sale_5)_의왕월암A-1및A-3블록신혼희망타운공공분양입주자모집공고문_최종.pdf
LH_sale_5,(LH_sale_5)_팸플릿(의왕월암A-1및A-3블록공공분양)_최종.pdf
LH_sale_5,(LH_sale_5)_3-2.금융정보등(금융ㆍ신용ㆍ보험정보)제공동의서-작성방법.pdf
LH_sale_6,(LH_sale_6)_광주다세대잔여주택일반매각공고문_241108.pdf
LH_sale_6,(LH_sale_6)_붙임.확인서양식(계약시제출).pdf
LH_sale_7,(LH_sale_7)_3-2.금융정보등(금융ㆍ신용ㆍ보험정보)제공동의서-작성방법.pdf
LH_sale_7,(LH_sale_7)_팸플릿(의왕월암A-1및A-3블록공공분양)_최종.pdf
LH_sale_7,(LH_sale_7)_의왕월암A-1및A-3블록신혼희망타운공공분양입주자모집공고문_최종.pdf
LH_sale_8,(LH_sale_8)_(최종)위례A2-7블록신혼희망타운팸플릿.pdf
LH_sale_8,(LH_sale_8)_위례A2-7블록신혼희망타운(공공분양)잔여세대입주자모집공고문.pdf
LH_sale_8,(LH_sale_8)_3-2.금융정보등(금융ㆍ신용ㆍ보험정보)제공동의서-작성방법.pdf
LH_sale_9,"(LH_sale_9)_경북권(포항,구미)미분양매입주택일반매각공고문.pdf"
LH_sale_9,(LH_sale_9)_(붙임)주택상태확인서.pdf
LH_sale_9,(LH_sale_9)_(붙임)무주택서약서.pdf
LH_sale_9,(LH_sale_9)_(붙임)개인정보수집이용및제3자제공동의서.pdf
LH_sale_9,(LH_sale_9)_(붙임)위임장.pdf
LH_sale_10,(LH_sale_10)_수원당수A5블록신혼희망타운(공공분양)팸플릿(게시용).pdf
LH_sale_10,(LH_sale_10)_수원당수A5블록신혼희망타운(공공분양)입주자모집공고문.pdf
LH_sale_10,(LH_sale_10)_3-2.금융정보등(금융ㆍ신용ㆍ보험정보)제공동의서-작성방법.pdf
LH_sale_11,(LH_sale_11)_아산배방주상2블록분양유치금제도안내문(2024.11.15.).pdf
LH_sale_11,(LH_sale_11)_아산배방오피스텔동호수배치표.xlsx
LH_sale_11,(LH_sale_11)_아산배방오피스텔팜플렛.pdf
LH_sale_11,(LH_sale_11)_아산배방주상2블록오피스텔선착순동호지정및3년무이자할부분양공고(2024.11.15.).pdf
LH_sale_12,(LH_sale_12)_1.창원명곡A-1블록신혼희망타운(공공분양)추가입주자모집공고문.pdf
LH_sale_12,(LH_sale_12)_2.창원명곡A-1블록신혼희망타운(공공분양)잔여세대동호배치도.pdf
LH_sale_12,(LH_sale_12)_3.창원명곡A-1블록신혼희망타운(공공분양)팸플릿.pdf
LH_sale_13,(LH_sale_13)_A-3블록동호판(20241118기준).pdf
LH_sale_13,(LH_sale_13)_(20241118)광주선운2신혼희망타운(공공분양)추가입주자모집공고문_순번추첨동호지정.pdf
LH_sale_13,(LH_sale_13)_(팜플렛)광주선운2신혼희망타운.pdf
LH_sale_13,(LH_sale_13)_A-1블록동호판(20241118기준).pdf
LH_sale_14,(LH_sale_14)_(양식)위임장.pdf
LH_sale_14,(LH_sale_14)_(양식)무주택서약서.pdf
LH_sale_14,"(LH_sale_14)_평면도(39형,51형).pdf"
LH_sale_14,(LH_sale_14)_게시용_대구노원한신더휴분양전환후잔여세대일반매각공고문.pdf
LH_sale_14,(LH_sale_14)_(양식)개인정보수집이용및제3자제공동의서.pdf
LH_sale_15,(LH_sale_15)_붙임4.타입별평면도.pdf
LH_sale_15,(LH_sale_15)_붙임2.개인정보수집？이용및제3자제공동의서(청약신청자용).pdf
LH_sale_15,(LH_sale_15)_★(241125)빛가람LH3단지잔여주택일반매각공고문.pdf
LH_sale_16,(LH_sale_16)_익산평화공공분양주택분양조건부전세입주자모집공고문.pdf
LH_sale_16,(LH_sale_16)_익산평화잔여해약세대목록(옵션내용포함).xls
LH_sale_17,(LH_sale_17)_양주옥정A-4(1)BL동호배치표(241206).pdf
LH_sale_17,(LH_sale_17)_양주옥정A-4(1)BL팸플릿.pdf
LH_sale_17,(LH_sale_17)_양주옥정A-4(1)BL공공분양주택추가입주자모집공고문(무이자할부)(241206)★★.pdf
LH_sale_18,(LH_sale_18)_붙임1.서울석촌_도시형생활주택_팸플릿(최종).pdf
LH_sale_18,(LH_sale_18)_붙임5.위임장(대리인계약시).pdf
LH_sale_18,(LH_sale_18)_붙임3.확약서(주택상태확인서).pdf
LH_sale_18,(LH_sale_18)_붙임2.서울송파_도시형생활주택_팸플릿(최종).pdf
LH_sale_18,"(LH_sale_18)_석촌,송파(도시형생활주택)공가세대일반공급입주자모집공고(무순위).pdf"
LH_sale_18,(LH_sale_18)_붙임4.개인정보수집？이용및제3자제공동의서.pdf
LH_sale_19,(LH_sale_19)_효천LH천년나무2단지일반매각공고문_241210.pdf
LH_sale_19,"(LH_sale_19)_(양식)개인정보수집,이용및제3자제공동의서.pdf"
LH_sale_20,(LH_sale_20)_전북권임대주택분양전환후잔여세대일반매각동호지정공고.pdf
LH_sale_21,(LH_sale_21)_241213분양전환후잔여세대일반매각공고(춘천퇴계5강릉입암2동해천곡4삼척정상).pdf
LH_sale_22,(LH_sale_22)_2024.12.충북혁신B2블록팜플렛.pdf
LH_sale_22,(LH_sale_22)_충북혁신B2BL공공분양주택잔여세대입주자모집공고문(24.12.24)_무순위_.pdf
LH_sale_23,(LH_sale_23)_군산시다세대주택분양전환후잔여세대일반매각공고.pdf
LH_sale_24,(LH_sale_24)_전주시다세대주택분양전환후잔여세대일반매각공고.pdf
LH_sale_25,(LH_sale_25)_3-2.금융정보등(금융ㆍ신용ㆍ보험정보)제공동의서-작성방법.pdf
LH_sale_25,(LH_sale_25)_의왕청계2A1블록신혼희망타운(공공분양)입주자모집공고문.pdf
LH_sale_25,(LH_sale_25)_의왕청계2A1블록팸플릿(최종).pdf
LH_sale_26,(LH_sale_26)_3-2.금융정보등(금융ㆍ신용ㆍ보험정보)제공동의서-작성방법.pdf
LH_sale_26,(LH_sale_26)_성남금토A-4블록신혼희망타운공공분양입주자모집공고문_최종.pdf
LH_sale_26,(LH_sale_26)_팸플릿(성남금토A4블록공공분양)_최종.pdf
LH_sale_27,(LH_sale_27)_팸플릿(성남금토A4블록공공분양)_최종.pdf
LH_sale_27,(LH_sale_27)_성남금토A-4블록신혼희망타운공공분양입주자모집공고문_최종.pdf
LH_sale_27,(LH_sale_27)_3-2.금융정보등(금융ㆍ신용ㆍ보험정보)제공동의서-작성방법.pdf
LH_sale_28,(LH_sale_28)_팸플릿(성남금토A4블록공공분양)_최종.pdf
LH_sale_28,(LH_sale_28)_성남금토A-4블록신혼희망타운공공분양입주자모집공고문_최최종.pdf
LH_sale_28,(LH_sale_28)_3-2.금융정보등(금융ㆍ신용ㆍ보험정보)제공동의서-작성방법.pdf
LH_sale_29,(LH_sale_29)_(붙임)주택상태확인서.pdf
LH_sale_29,"(LH_sale_29)_(붙임)경북권(포항,구미)미분양매입잔여세대선착순수의계약공고.pdf"
LH_sale_29,(LH_sale_29)_(붙임)위임장.pdf
LH_sale_30,(LH_sale_30)_(참고)타입별평면도.pdf
LH_sale_30,(LH_sale_30)_1.개인정보수집？이용및제3자제공동의서(청약신청자용).pdf
LH_sale_30,(LH_sale_30)_★(250117)빛가람LH3단지잔여주택일반매각공고문(순번추첨동호지정)_최종.pdf
LH_sale_31,(LH_sale_31)_울산다운2A-9블록신혼희망타운(공공분양)자격완화추가입주자모집공고문(안)('25.01.21).pdf
LH_sale_31,(LH_sale_31)_3.잔여세대동호배치도(250121기준).pdf
LH_sale_31,(LH_sale_31)_0.울산다운2A-9블록신혼희망타운팸플릿.pdf
LH_sale_32,"(LH_sale_32)_(250131)고양창릉S-5,S-6블록공공분양주택입주자모집공고문.pdf"
LH_sale_32,(LH_sale_32)_고양창릉S-5블록공공분양주택팸플릿-공고용.pdf
LH_sale_33,"(LH_sale_33)_(250131)고양창릉S-5,S-6블록공공분양주택입주자모집공고문.pdf"
LH_sale_33,(LH_sale_33)_고양창릉S-6블록공공분양주택팸플릿-공고용.pdf
LH_sale_34,(LH_sale_34)_(250131)고양창릉A-4블록신혼희망타운(공공분양)입주자모집공고문.pdf
LH_sale_34,(LH_sale_34)_고양창릉A-4블록신혼희망타운팸플릿-공고용.pdf
LH_sale_34,(LH_sale_34)_3-2.금융정보등(금융ㆍ신용ㆍ보험정보)제공동의서-작성방법.pdf
LH_sale_35,(LH_sale_35)_고양창릉A-4블록신혼희망타운팸플릿-공고용.pdf
LH_sale_35,(LH_sale_35)_3-2.금융정보등(금융ㆍ신용ㆍ보험정보)제공동의서-작성방법.pdf
LH_sale_35,(LH_sale_35)_(정정)고양창릉A-4블록신혼희망타운(공공분양)입주자모집공고문.pdf
LH_sale_36,"(LH_sale_36)_(정정)고양창릉S-5,S-6블록공공분양주택입주자모집공고문.pdf"
LH_sale_36,(LH_sale_36)_고양창릉S-6블록공공분양주택팸플릿-공고용.pdf
LH_sale_37,"(LH_sale_37)_(정정)고양창릉S-5,S-6블록공공분양주택입주자모집공고문.pdf"
LH_sale_37,(LH_sale_37)_고양창릉S-5블록공공분양주택팸플릿-공고용.pdf
LH_sale_38,(LH_sale_38)_익산평화잔여해약세대목록(옵션내용포함).xls
LH_sale_38,(LH_sale_38)_(정정)익산평화공공분양주택분양조건부전세입주자모집공고문.pdf
LH_sale_39,(LH_sale_39)_★(250221수정)빛가람LH3단지잔여주택일반매각공고문(순번추첨동호지정).pdf
LH_sale_40,(LH_sale_40)_익산평화공공분양무이자할부입주자모집공고문(안).pdf
LH_sale_40,(LH_sale_40)_익산평화잔여해약세대목록(옵션내용포함).xls
LH_sale_41,(LH_sale_41)_공가세대옵션내역(홈페이지첨부).pdf
LH_sale_41,"(LH_sale_41)_동호지정동호판(홈페이지등록,2월).pdf"
LH_sale_41,"(LH_sale_41)_양산사송에비뉴원신혼희망타운(공공분양)자격완화추가입주자모집공고문(선착순동호지정,오백만원정액제).pdf"
LH_sale_41,(LH_sale_41)_양산사송A-2블록신혼희망타운(공공분양)팸플릿(공고용).pdf
LH_sale_42,(LH_sale_42)_(양식)개인정보수집이용및제3자제공동의서.pdf
LH_sale_42,(LH_sale_42)_(양식)무주택서약서.pdf
LH_sale_42,(LH_sale_42)_(첨부)공고문_대구노원한신더휴분양전환후잔여세대일반매각(25.03.20.)_최종.pdf
LH_sale_42,"(LH_sale_42)_평면도(39형,51형).pdf"
LH_sale_42,(LH_sale_42)_(양식)위임장.pdf
LH_sale_43,(LH_sale_43)_붙임2)하귀휴먼시아2단지잔여세대매각공고(무순위_최종).pdf
LH_sale_44,(LH_sale_44)_3.잔여세대동호배치도(평택고덕A-53블록).pdf
LH_sale_44,(LH_sale_44)_평택고덕A-53블록잔여세대추가입주자모집공고.pdf
LH_sale_44,(LH_sale_44)_분양팸플릿(평택고덕A53블록).pdf
LH_sale_45,(LH_sale_45)_(팸플렛)인천가정2A2(2401).pdf
LH_sale_45,(LH_sale_45)_붙임3.★인천가정2A2잔여세대동호판(250327)_(최종).pdf
LH_sale_45,(LH_sale_45)_(공고문)인천가정2A2블록신혼희망타운(공공분양)추가입주자모집공고문(최종).pdf
LH_sale_45,(LH_sale_45)_(토지이용계획도)_인천가정2A2변경(안)_241118.pdf
LH_sale_46,(LH_sale_46)_(최종)250331_교산푸르지오더퍼스트_입주자모집공고.pdf
LH_sale_47,(LH_sale_47)_전북권다세대주택분양전환후잔여세대일반매각동호지정공고.pdf
LH_sale_48,(LH_sale_48)_A-3블록동호판(20250408기준).pdf
LH_sale_48,(LH_sale_48)_A-1블록동호판(20250408기준).pdf
LH_sale_48,(LH_sale_48)_광주선운2신혼희망타운(공공분양)추가입주자모집공고문(순번추첨동호지정및선착순계약(20250408공고).pdf
LH_sale_48,(LH_sale_48)_(팜플렛)광주선운2신혼희망타운.pdf
LH_sale_49,(LH_sale_49)_행정중심복합도시6-3M2블록팸플릿.pdf
LH_sale_49,(LH_sale_49)_(250414)행정중심복합도시6-3M2블록입주자모집공고문(정정-접수기간연장).pdf
LH_sale_50,(LH_sale_50)_서귀포혁신도시1단지공가세대매각공고(무순위_최종).pdf
LH_sale_51,(LH_sale_51)_서귀포혁신도시1단지공가세대매각공고(무순위_최종).pdf
LH_sale_52,(LH_sale_52)_양주옥정A-4(1)BL공공분양주택추가입주자모집공고문(250416).pdf
LH_sale_52,(LH_sale_52)_양주옥정A-4(1)BL동호배치표.pdf
LH_sale_52,(LH_sale_52)_양주옥정A-4(1)BL팸플릿.pdf
LH_sale_53,(LH_sale_53)_잔여세대동·호내역.pdf
LH_sale_53,(LH_sale_53)_위임장양식(영천문외동호지정및계약용).pdf
LH_sale_53,(LH_sale_53)_영천문외센트럴타운팜플렛.pdf
LH_sale_53,(LH_sale_53)_[순번추첨동·호지정]영천문외센트럴타운공공분양주택잔여세대입주자모집공고.pdf
LH_sale_53,(LH_sale_53)_동호수배치도.pdf
LH_sale_54,(LH_sale_54)_(정정)교산푸르지오더퍼스트_입주자모집공고.pdf
LH_sale_55,(LH_sale_55)_[정정공고]영천문외센트럴타운공공분양주택잔여세대입주자모집공고.pdf
LH_sale_56,(LH_sale_56)_서귀포혁신도시1단지공가세대매각공고(무순위_최종).pdf
LH_sale_57,(LH_sale_57)_(정정)250424_교산푸르지오더퍼스트_입주자모집공고.pdf
LH_sale_58,(LH_sale_58)_삼척도계2단지일반매각공고문_250425.pdf
LH_sale_59,(LH_sale_59)_울산다운2A-9블록신혼희망타운(공공분양)추가입주자모집공고문(안)('25.04.28).pdf
LH_sale_59,(LH_sale_59)_4.해약세대옵션내역(3호).xlsx
LH_sale_59,(LH_sale_59)_0.울산다운2A-9블록신혼희망타운팸플릿.pdf
LH_sale_59,(LH_sale_59)_3.잔여세대동호배치도(250428기준).pdf
LH_sale_60,(LH_sale_60)_부천대장A7블록공공분양주택분양팸플릿(업로드용).pdf
LH_sale_60,(LH_sale_60)_부천대장A7블록공공분양주택입주자모집공고문_최종.pdf
LH_sale_61,(LH_sale_61)_부천대장A8블록공공분양주택입주자모집공고문.pdf
LH_sale_61,(LH_sale_61)_부천대장A8블록공공분양통합팸플릿(업로드용).pdf
LH_sale_62,(LH_sale_62)_3-2.금융정보등(금융ㆍ신용ㆍ보험정보)제공동의서-작성방법.pdf
LH_sale_62,(LH_sale_62)_★e편한세상대장퍼스티움(부천대장A-5블록)입주자모집공고(최종).pdf
LH_sale_62,(LH_sale_62)_e편한세상대장퍼스티움(부천대장)공급안내문(최종).pdf
LH_sale_63,(LH_sale_63)_3-2.금융정보등(금융ㆍ신용ㆍ보험정보)제공동의서-작성방법.pdf
LH_sale_63,(LH_sale_63)_e편한세상대장퍼스티움(부천대장)공급안내문(최종).pdf
LH_sale_63,(LH_sale_63)_★e편한세상대장퍼스티움(부천대장A-6블록)입주자모집공고(최종).pdf
LH_sale_64,"(LH_sale_64)_(유주택,선착순)남양주금곡재건축매입임대분양전환후일반매각공고문.pdf"
LH_sale_64,(LH_sale_64)_(붙임)주택상태확인서및위임장_남양주금곡이화신도브래뉴.pdf
LH_sale_65,(LH_sale_65)_진해석동_우림필유_잔여주택_일반매각_공고문(2025.04.30.).pdf
LH_sale_66,(LH_sale_66)_진해청안해오름_잔여주택_일반매각_공고문(2025.04.30.).pdf
LH_sale_67,(LH_sale_67)_★(정정)(250429)경기남부권(수원·안양·오산)공가세대일반매각공고문.pdf
LH_sale_68,(LH_sale_68)_붙임.세대별가격표및옵션표(250508부산범천21BL공고).pdf
LH_sale_68,(LH_sale_68)_붙임.부산범천21BL공공분양잔여세대입주자모집공고(순번추첨동호지정).pdf
LH_sale_69,(LH_sale_69)_(정정공고)부천대장A8블록공공분양주택입주자모집공고문.pdf
LH_sale_69,(LH_sale_69)_부천대장A8블록공공분양통합팸플릿(업로드용).pdf
LH_sale_70,(LH_sale_70)_부천대장A7블록공공분양주택분양팸플릿(업로드용).pdf
LH_sale_70,(LH_sale_70)_(정정공고)부천대장A7블록공공분양주택입주자모집공고문.pdf
LH_sale_71,(LH_sale_71)_[빛가람1]빛가람LH1단지일반매각공고문(무순위동호추첨).pdf
LH_sale_71,(LH_sale_71)_[팜플렛]나주빛가람1단지평면도.pdf
LH_sale_71,(LH_sale_71)_[빛가람1]위임장양식(대리인계약시필요).pdf
LH_sale_71,(LH_sale_71)_개인정보수집이용및제3자제공동의서(청약신청자용).pdf
LH_sale_72,(LH_sale_72)_250513_세종조치원신동아파밀리에3차공가주택일반매각공고문.pdf
LH_sale_73,(LH_sale_73)_[팜플렛]나주빛가람1단지평면도.pdf
LH_sale_73,(LH_sale_73)_[빛가람1]위임장양식(대리인계약시필요).pdf
LH_sale_73,(LH_sale_73)_[빛가람1]빛가람LH1단지일반매각공고문(무순위동호추첨).pdf
LH_sale_73,(LH_sale_73)_개인정보수집이용및제3자제공동의서(청약신청자용).pdf
LH_sale_74,(LH_sale_74)_잔여세대동호배치도(의왕월암A-1BL).pdf
LH_sale_74,(LH_sale_74)_팸플릿(의왕월암A-1및A-3블록공공분양)_최종.pdf
LH_sale_74,(LH_sale_74)_3-2.금융정보등(금융ㆍ신용ㆍ보험정보)제공동의서-작성방법.pdf
LH_sale_74,(LH_sale_74)_잔여세대동호배치도(의왕월암A-3BL).pdf
LH_sale_74,(LH_sale_74)_의왕월암A-1및A-3블록신혼희망타운공공분양추가입주자모집공고문(최종).pdf
LH_sale_75,(LH_sale_75)_3-2.금융정보등(금융ㆍ신용ㆍ보험정보)제공동의서-작성방법.pdf
LH_sale_75,(LH_sale_75)_★부천괴안B1블록신혼희망타운(공공분양)입주자모집공고문(최종).pdf
LH_sale_75,(LH_sale_75)_부천괴안B-1블록신혼희망타운(공공분양)팜플렛.pdf
LH_sale_76,(LH_sale_76)_하귀휴먼시아2단지잔여세대매각공고(선착순)최종.pdf
LH_sale_77,(LH_sale_77)_3-2.금융정보등(금융ㆍ신용ㆍ보험정보)제공동의서-작성방법.pdf
LH_sale_77,(LH_sale_77)_부천괴안B-1블록신혼희망타운(공공분양)팜플렛.pdf
LH_sale_77,(LH_sale_77)_[정정공고]부천괴안B1블록신혼희망타운(공공분양)입주자모집공고문(최종).pdf
LH_sale_78,(LH_sale_78)_양주회천A24BL팜플렛.pdf
LH_sale_78,(LH_sale_78)_(양주회천A24)공공분양주택입주자추가모집공고문.pdf
LH_sale_79,(LH_sale_79)_부천괴안B-1블록신혼희망타운(공공분양)팜플렛.pdf
LH_sale_79,(LH_sale_79)_[정정공고][정정공고]부천괴안B1블록신혼희망타운(공공분양)입주자모집공고문(최종).pdf
LH_sale_79,(LH_sale_79)_3-2.금융정보등(금융ㆍ신용ㆍ보험정보)제공동의서-작성방법.pdf
LH_sale_80,(LH_sale_80)_의왕초평A-3블록신혼희망타운(공공분양)잔여세대추가입주자모집공고문.pdf
LH_sale_80,(LH_sale_80)_팸플릿(의왕초평A-3블록신혼희망타운).pdf
LH_sale_81,"(LH_sale_81)_(무주택,무순위)고양원당재건축매입임대분양전환후일반매각공고문.pdf"
LH_sale_82,(LH_sale_82)_과천지식정보타운S-7블록신혼희망타운(공공분양)잔여세대입주자모집공고문.pdf
LH_sale_82,(LH_sale_82)_과천신혼희망타운S-7블록팜플렛.pdf
LH_sale_83,(LH_sale_83)_서울대방신혼희망타운잔여세대입주자모집공고.pdf
LH_sale_83,(LH_sale_83)_서울대방신혼희망타운(공공분양)팸플릿.pdf
LH_sale_83,(LH_sale_83)_3-2.금융정보등(금융ㆍ신용ㆍ보험정보)제공동의서(작성방법).pdf
LH_sale_84,(LH_sale_84)_성남복정1A2블록신혼희망타운(공공분양)잔여세대입주자모집공고문.pdf
LH_sale_84,(LH_sale_84)_3-2.금융정보등(금융ㆍ신용ㆍ보험정보)제공동의서(작성방법).pdf
LH_sale_84,(LH_sale_84)_★성남복정1A2·A3블록신혼희망타운팸플릿.pdf
LH_sale_85,(LH_sale_85)_서울강남권도시형주택석촌·송파일반공급입주자모집공고(무순위).pdf
LH_sale_85,(LH_sale_85)_첨부3.확약서(주택상태확인서).pdf
LH_sale_85,(LH_sale_85)_첨부5.위임장(대리인계약시).pdf
LH_sale_85,(LH_sale_85)_첨부2.서울강남권도시형주택(송파)팜플렛.pdf
LH_sale_85,(LH_sale_85)_첨부1.서울강남권도시형주택(석촌)팜플렛.pdf
LH_sale_85,(LH_sale_85)_첨부4.개인정보수집？이용및제3자제공동의서.pdf
LH_sale_86,(LH_sale_86)_과천신혼희망타운S-7블록팜플렛.pdf
LH_sale_86,(LH_sale_86)_(정정공고)과천지식정보타운S-7블록신혼희망타운(공공분양)잔여세대입주자모집공고문.pdf
LH_sale_87,(LH_sale_87)_팸플릿(의왕초평A-3블록신혼희망타운).pdf
LH_sale_87,(LH_sale_87)_(정정공고)의왕초평A-3블록신혼희망타운(공공분양)잔여세대추가입주자모집공고문.pdf
LH_sale_88,"(LH_sale_88)_양산사송에비뉴원신혼희망타운(공공분양)추가입주자모집공고문(선착순동호지정,오백만원정액제,5년무이자할부).pdf"
LH_sale_89,"(LH_sale_89)_동호지정동호판(홈페이지등록,6월).pdf"
LH_sale_89,(LH_sale_89)_양산사송A-2블록신혼희망타운(공공분양)팸플릿(공고용).pdf
LH_sale_89,"(LH_sale_89)_양산사송에비뉴원신혼희망타운(공공분양)추가입주자모집공고문(선착순동호지정,오백만원정액제,5년무이자할부).pdf"
LH_sale_89,(LH_sale_89)_공가세대옵션내역(공고첨부).pdf
LH_sale_90,"(LH_sale_90)_양산사송에비뉴원신혼희망타운(공공분양)추가입주자모집공고문(선착순동호지정,오백만원정액제,5년무이자할부).pdf"
LH_sale_90,"(LH_sale_90)_동호지정동호판(홈페이지등록,7.31).pdf"
LH_sale_90,(LH_sale_90)_공가세대옵션내역(공고첨부-7.31).pdf
LH_sale_91,(LH_sale_91)_(250611)부산범천21BL공공분양잔여세대주택가격표및옵션표.pdf
LH_sale_91,(LH_sale_91)_(250611)부산범천21BL공공분양잔여세대입주자모집공고문(선착순동호지정).pdf
LH_sale_91,(LH_sale_91)_(250611)부산범천21BL공공분양잔여세대동호표.pdf
LH_sale_92,"(LH_sale_92)_(20250619)인천영종A33,37,60공공분양잔여세대모집공고(순번추첨동호지정).pdf"
LH_sale_92,(LH_sale_92)_인천영종A37_잔여동호판(250619기준).pdf
LH_sale_92,(LH_sale_92)_인천영종A37블록공공분양팸플릿.pdf
LH_sale_92,(LH_sale_92)_인천영종A33블록공공분양팸플릿.pdf
LH_sale_92,(LH_sale_92)_인천영종A33_잔여동호판(250619기준).pdf
LH_sale_92,(LH_sale_92)_인천영종A60_잔여동호판(250619기준).pdf
LH_sale_92,(LH_sale_92)_인천영종A60블록공공분양팸플릿.pdf
LH_sale_93,(LH_sale_93)_울산다운2A-9블록신혼희망타운(공공분양)추가입주자모집공고문(안)('25.06.27).pdf
LH_sale_93,(LH_sale_93)_0.울산다운2A-9블록신혼희망타운팸플릿.pdf
LH_sale_93,(LH_sale_93)_3.잔여세대동호배치도(250627기준).pdf
LH_sale_93,(LH_sale_93)_4.해약세대옵션내역(3호).xlsx
LH_sale_94,(LH_sale_94)_3-2.금융정보등(금융ㆍ신용ㆍ보험정보)제공동의서(작성방법).pdf
LH_sale_94,(LH_sale_94)_(최초)서울공릉신혼희망타운팸플릿.pdf
LH_sale_94,(LH_sale_94)_서울공릉지구신혼희망타운(공공분양)추가입주자모집공고문.pdf
LH_sale_95,(LH_sale_95)_★고양장항_S-1블록_공공분양주택_입주자모집_공고문.pdf
LH_sale_95,(LH_sale_95)_고양장항_S-1블록_팸플릿.pdf
LH_sale_96,(LH_sale_96)_김해북부두산위브_잔여주택_일반매각_공고문(2025.06.30.).pdf
LH_sale_97,(LH_sale_97)_(붙임1)주택상태확인서.pdf
LH_sale_97,(LH_sale_97)_(공고문)부천두산위브트레지움1단지(부천약대1)공가세대일반매각.pdf
LH_sale_97,(LH_sale_97)_(붙임2)위임장.pdf
LH_sale_98,(LH_sale_98)_(정정)고양장항_S-1블록_팸플릿.pdf
LH_sale_98,(LH_sale_98)_★(정정)고양장항_S-1블록_공공분양주택_입주자모집_공고문.pdf
LH_sale_99,(LH_sale_99)_익산평화잔여해약세대목록(옵션내용포함).xls
LH_sale_99,(LH_sale_99)_익산평화공공분양무이자할부입주자모집공고문(안)_수정.pdf
LH_sale_100,(LH_sale_100)_붙임.부산범천21BL공공분양잔여세대동호표('25.7.14).pdf
LH_sale_100,(LH_sale_100)_붙임.옵션표및주택가격표('25.7.14).pdf
LH_sale_100,(LH_sale_100)_[정정공고](250611)부산범천21BL공공분양잔여세대입주자모집공고문(선착순동호지정).pdf
LH_sale_101,(LH_sale_101)_신축다세대주택(거로부웅)잔여세대일반매각공고(250716).pdf
LH_sale_102,(LH_sale_102)_신축다세대주택(오현부웅)잔여세대일반매각공고(250716).pdf
LH_sale_103,(LH_sale_103)_(토지이용계획도)_인천가정2A2변경(안)_241118.pdf
LH_sale_103,(LH_sale_103)_(동호판)인천가정2A2잔여세대동호판(250717)_게시.pdf
LH_sale_103,(LH_sale_103)_(공고문)인천가정2A2블록신혼희망타운(공공분양)추가입주자모집공고문_게시.pdf
LH_sale_103,(LH_sale_103)_(팸플렛)인천가정2A2(2401).pdf
LH_sale_104,(LH_sale_104)_붙임1-1_공급대상및공급가격_신원아침도시(2025.11.03.기준).pdf
LH_sale_104,"(LH_sale_104)_붙임2_주택상태확인서,위임장.pdf"
LH_sale_104,(LH_sale_104)_붙임1-4_공급대상및공급가격_유승한내들(2025.11.03.기준).pdf
LH_sale_104,(LH_sale_104)_양산시매입임대잔여주택일반매각선착순동호지정공고문(2025.07.23.).pdf
LH_sale_104,(LH_sale_104)_붙임1-3_공급대상및공급가격_일동미라주(2025.11.03.기준).pdf
LH_sale_104,(LH_sale_104)_붙임1-2_공급대상및공급가격_한일유앤아이(2025.11.03.기준).pdf
LH_sale_105,(LH_sale_105)_2.하귀휴먼시아2단지잔여세대매각공고(선착순)최종.pdf
LH_sale_106,(LH_sale_106)_남양주왕숙A-2블록신혼희망타운팸플릿(공고용).pdf
LH_sale_106,(LH_sale_106)_3-2.금융정보등(금융ㆍ신용ㆍ보험정보)제공동의서-작성방법.pdf
LH_sale_106,(LH_sale_106)_(250724)남양주왕숙A-2블록신혼희망타운(공공분양)입주자모집공고문.pdf
LH_sale_107,(LH_sale_107)_남양주왕숙A-1BL공공분양입주자모집공고문(250724).pdf
LH_sale_107,(LH_sale_107)_남양주왕숙A-1BL공공분양팸플릿(250724).pdf
LH_sale_108,(LH_sale_108)_신축다세대주택(오현부웅)잔여세대일반매각공고(250716).pdf
LH_sale_108,(LH_sale_108)_토지이용계획원샘플.pdf
LH_sale_109,(LH_sale_109)_신축다세대주택(거로부웅)잔여세대일반매각공고(250716).pdf
LH_sale_110,(LH_sale_110)_평택고덕A-57-2블록_신혼희망타운(공공분양)_추가입주자모집공고.pdf
LH_sale_110,(LH_sale_110)_팸플릿(평택고덕A-57-2_신혼희망타운_공공분양).pdf
LH_sale_111,(LH_sale_111)_3-2.금융정보등(금융ㆍ신용ㆍ보험정보)제공동의서-작성방법.pdf
LH_sale_111,(LH_sale_111)_(250729)구리갈매역세권A-1블록신혼희망타운(공공분양)입주자모집공고문.pdf
LH_sale_111,(LH_sale_111)_구리갈매역세권A-1블록신혼희망타운_팸플릿.pdf
LH_sale_112,"(LH_sale_112)_250729_왕숙푸르지오더퍼스트1단지(B1),2단지(B2)_입주자모집공고(안)_Final.pdf"
LH_sale_113,"(LH_sale_113)_250729_왕숙푸르지오더퍼스트1단지(B1),2단지(B2)_입주자모집공고(안)_Final.pdf"
LH_sale_114,(LH_sale_114)_★(정정)남양주왕숙A-1BL공공분양입주자모집공고문.pdf
LH_sale_114,(LH_sale_114)_★(정정)남양주왕숙A-1블록공공분양팸플릿.pdf
LH_sale_115,(LH_sale_115)_★(250729)남양주왕숙A-2블록신희타팸플릿최종(정정공고).pdf
LH_sale_115,(LH_sale_115)_3-2.금융정보등(금융ㆍ신용ㆍ보험정보)제공동의서-작성방법.pdf
LH_sale_115,(LH_sale_115)_★(250729)남양주왕숙A-2블록신혼희망타운(공공분양)입주자모집공고문-정정공고.pdf
LH_sale_116,(LH_sale_116)_3-2.금융정보등(금융ㆍ신용ㆍ보험정보)제공동의서-작성방법.pdf
LH_sale_116,(LH_sale_116)_250730_남양주진접2A-4블록신혼희망타운입주자모집공고문.pdf
LH_sale_116,(LH_sale_116)_팸플릿_남양주진접2A-4.pdf
LH_sale_117,(LH_sale_117)_250730_남양주진접2A-1블록공공분양주택입주자모집공고문.pdf
LH_sale_117,(LH_sale_117)_팸플릿_남양주진접2A-1블록.pdf
LH_sale_118,(LH_sale_118)_잔여세대현황(25.07.31기준).pdf
LH_sale_118,(LH_sale_118)_창원가포안단테선착순동호지정입주자모집공고(250731).pdf
LH_sale_119,(LH_sale_119)_3-2.금융정보등(금융ㆍ신용ㆍ보험정보)제공동의서-작성방법.pdf
LH_sale_119,(LH_sale_119)_구리갈매역세권A-1블록신혼희망타운_팸플릿.pdf
LH_sale_119,(LH_sale_119)_(정정공고)구리갈매역세권A-1블록신혼희망타운(공공분양)입주자모집공고문.pdf
LH_sale_120,(LH_sale_120)_[정정]팸플릿_남양주진접2A-1블록.pdf
LH_sale_120,(LH_sale_120)_[정정]250730_남양주진접2A-1블록공공분양주택입주자모집공고문.pdf
LH_sale_121,(LH_sale_121)_[정정]팸플릿_남양주진접2A-4블록.pdf
LH_sale_121,(LH_sale_121)_3-2.금융정보등(금융ㆍ신용ㆍ보험정보)제공동의서-작성방법.pdf
LH_sale_121,(LH_sale_121)_[정정]250730_남양주진접2A-4블록신혼희망타운입주자모집공고문.pdf
LH_sale_122,(LH_sale_122)_첫마을3단지일반매각팜플렛최종.pdf
LH_sale_122,(LH_sale_122)_250807_세종시첫마을3단지공가주택일반매각공고문.pdf
LH_sale_123,(LH_sale_123)_과천주암C2블록신혼희망타운(공공분양)팸플릿.pdf
LH_sale_123,(LH_sale_123)_3-2.금융정보등(금융ㆍ신용ㆍ보험정보)제공동의서-작성방법.pdf
LH_sale_123,(LH_sale_123)_과천주암C2블록신혼희망타운(공공분양)입주자모집공고문.pdf
LH_sale_124,(LH_sale_124)_A-3블록동호판(20250812기준).pdf
LH_sale_124,(LH_sale_124)_광주선운2신혼희망타운(공공분양)추가입주자모집공고문(순번추첨동호지정및선착순계약(20250408공고).pdf
LH_sale_124,(LH_sale_124)_(팜플렛)광주선운2신혼희망타운.pdf
LH_sale_124,(LH_sale_124)_A-1블록동호판(20250812기준).pdf
LH_sale_125,(LH_sale_125)_위임장양식(영천문외동호지정및계약용).pdf
LH_sale_125,(LH_sale_125)_팸플릿(영천문외센트럴타운추가입주자모집).pdf
LH_sale_125,(LH_sale_125)_(250820)영천문외센트럴타운공공분양주택추가입주자모집공고(선착순동호지정)_최종.pdf
LH_sale_125,(LH_sale_125)_영천문외센트럴타운잔여세대동·호내역(8.20일10시기준).pdf
LH_sale_126,(LH_sale_126)_붙임.옵션표및주택가격표('25.7.14).pdf
LH_sale_126,(LH_sale_126)_[정정공고](250821)부산범천21BL공공분양잔여세대입주자모집공고문(선착순동호지정).pdf
LH_sale_127,(LH_sale_127)_2.20250826빛가람LH3단지잔여세대일반매각공고(순번추첨동호지정).pdf
LH_sale_127,(LH_sale_127)_개인정보수집이용및제3자제공동의서(청약신청자용).pdf
LH_sale_127,(LH_sale_127)_위임장양식(대리인계약시제출).pdf
LH_sale_127,(LH_sale_127)_주택상태확인서(광주전남혁신빛가람LH3단지공가주택일반매각).pdf
LH_sale_128,(LH_sale_128)_경기남부권(성남·수원·안양·오산·화성)공가세대일반매각공고문(무순위).pdf
LH_sale_129,(LH_sale_129)_경기남부권(성남)공가세대일반매각공고문(무순위)_85초과.pdf
LH_sale_130,(LH_sale_130)_경기남부권(성남)공가세대일반매각공고문(무순위).pdf
LH_sale_131,(LH_sale_131)_붙임_의정부우정A-1블록_공공분양_팸플릿_최종★_고해상도.pdf
LH_sale_131,(LH_sale_131)_붙임.의정부우정A-1블록_입주자모집공고문_최종★.pdf
LH_sale_132,(LH_sale_132)_1-2.(정정공고)영천문외센트럴타운공공분양주택추가입주자모집공고(선착순동호지정).pdf
LH_sale_133,(LH_sale_133)_대전대동21블록공공분양팸플릿_최종.pdf
LH_sale_133,(LH_sale_133)_대전대동21블록_공공분양_지구주민_입주자모집공고문_250905.pdf
LH_sale_134,(LH_sale_134)_0.울산다운2A-9블록신혼희망타운팸플릿.pdf
LH_sale_134,(LH_sale_134)_3.잔여세대동호배치도(250905기준).pdf
LH_sale_134,(LH_sale_134)_4.해약세대옵션내역(4호).xlsx
LH_sale_134,(LH_sale_134)_울산다운2A-9블록신혼희망타운(공공분양)추가입주자모집공고문(안)('25.09.05).pdf
LH_sale_135,(LH_sale_135)_3.잔여세대동호배치도(평택고덕A-53블록).pdf
LH_sale_135,(LH_sale_135)_평택고덕A-53블록잔여세대추가입주자모집공고.pdf
LH_sale_135,(LH_sale_135)_분양팸플릿(평택고덕A53블록).pdf
LH_sale_136,"(LH_sale_136)_(250915공고)고양장항A-2,4,5블록신혼희망타운(공공분양)잔여세대입주자모집공고문.pdf"
LH_sale_136,"(LH_sale_136)_(201229-최초공고)고양장항A-4,A-5블록신혼희망타운(공공분양)_팜플렛.pdf"
LH_sale_136,(LH_sale_136)_(230915-최초공고)고양장항A-2블록팸플릿.pdf
LH_sale_137,(LH_sale_137)_(250915공고)고양지축B-1블록공공분양주택잔여세대입주자모집공고문.pdf
LH_sale_137,(LH_sale_137)_(210929-최초공고)고양지축B-1블록팜플렛.pdf
LH_sale_138,(LH_sale_138)_1-1.(250916)영천문외센트럴타운공공분양주택추가입주자모집공고(선착순동호지정).pdf
LH_sale_138,(LH_sale_138)_3.위임장양식(영천문외동호지정및계약용).pdf
LH_sale_138,(LH_sale_138)_2.영천문외센트럴타운잔여세대동·호내역(9.15일17시기준).xlsx
LH_sale_139,(LH_sale_139)_2.하귀휴먼시아2단지잔여세대매각공고(선착순)수시모집.pdf
LH_sale_140,(LH_sale_140)_남양주별내신혼희망타운분양팸플릿.pdf
LH_sale_140,(LH_sale_140)_★250918_남양주별내A25_신혼희망타운(공공분양)_추가입주자모집공고문.pdf
LH_sale_141,(LH_sale_141)_3-2.금융정보등(금융·신용·보험정보)제공동의서-작성방법.pdf
LH_sale_141,(LH_sale_141)_시흥하중A-4블록신혼희망타운(공공분양)입주자모집공고문_최종.pdf
LH_sale_141,(LH_sale_141)_시흥하중A-4블록신혼희망타운(공공분양)팸플릿.pdf
LH_sale_142,(LH_sale_142)_익산평화공공분양무이자할부입주자모집공고문(안)_재수정.pdf
LH_sale_142,(LH_sale_142)_익산평화잔여해약세대목록(옵션내용포함).xls
LH_sale_143,(LH_sale_143)_3.부산범천21BL공공분양잔여세대동호표('25.9.22).pdf
LH_sale_143,(LH_sale_143)_2.[정정공고](250922)부산범천21BL공공분양잔여세대입주자모집공고문(선착순동호지정).pdf
LH_sale_143,(LH_sale_143)_4.(250922)옵션표및주택가격표.pdf
LH_sale_144,(LH_sale_144)_3-2.금융정보등(금융·신용·보험정보)제공동의서-작성방법.pdf
LH_sale_144,(LH_sale_144)_시흥하중A-4블록신혼희망타운(공공분양)입주자모집공고문_정정공고.pdf
LH_sale_144,(LH_sale_144)_시흥하중A-4블록신혼희망타운(공공분양)팸플릿.pdf
LH_sale_145,(LH_sale_145)_(붙임)위임장.pdf
LH_sale_145,(LH_sale_145)_(첨부)공고문_영천해피포유미분양매입잔여세대선착순수의계약.pdf
LH_sale_146,(LH_sale_146)_남양주별내신혼희망타운분양팸플릿.pdf
LH_sale_146,(LH_sale_146)_(정정공고)★250918_남양주별내A25_신혼희망타운(공공분양)_추가입주자모집공고문.pdf
LH_sale_147,(LH_sale_147)_★울산태화강변A-2블록공공분양입주자모집공고문_(250926공고).pdf
LH_sale_147,(LH_sale_147)_울산태화강변A2BL팜플렛_게시용.pdf
LH_sale_148,(LH_sale_148)_붙임.(최종)남양주진접2A-7블록공공분양주택입주자모집공고문.pdf
LH_sale_148,(LH_sale_148)_붙임.(팸플릿)남양주진접2A-7블록.pdf
LH_sale_149,(LH_sale_149)_원주무실A-2공공분양입주자모집공고문.pdf
LH_sale_149,(LH_sale_149)_원주무실A-2블록공공분양팸플릿(최종).pdf
LH_sale_150,(LH_sale_150)_(붙임)위임장(신서화성파크드림).pdf
LH_sale_150,(LH_sale_150)_(붙임)개인정보수집이용및제3자제공동의서.pdf
LH_sale_150,(LH_sale_150)_(공고문)신서화성파크드림분양전환후잔여세대일반매각.pdf
LH_sale_150,(LH_sale_150)_(붙임)무주택서약서.pdf
LH_sale_151,"(LH_sale_151)_김해시,양산시다세대주택일반매각모집공고문(무순위).pdf"
LH_sale_152,(LH_sale_152)_★(정정)울산태화강변A-2블록공공분양입주자모집공고문_(250926공고).pdf
LH_sale_152,(LH_sale_152)_울산태화강변A2BL팜플렛_게시용.pdf
LH_sale_153,(LH_sale_153)_(정정)원주무실A-2공공분양입주자모집공고문.pdf
LH_sale_153,(LH_sale_153)_원주무실A-2블록공공분양팸플릿(최종).pdf
LH_sale_154,(LH_sale_154)_서귀포혁신1단지잔여세대매각공고(10.15).pdf
LH_sale_155,(LH_sale_155)_대전대동2_1블록_공공분양_팜플렛.pdf
LH_sale_155,(LH_sale_155)_대전대동2_1블록_공공분양_입주자모집공고문.pdf
LH_sale_156,(LH_sale_156)_(최초모집공고)파주운정3A23블록팸플릿(게시용).pdf
LH_sale_156,"(LH_sale_156)_(251017)파주운정3A16,A17,A22,A23공공분양잔여세대추가입주자모집공고문.pdf"
LH_sale_156,(LH_sale_156)_(최초모집공고)파주운정3A17BL팸플릿최종_20210910.pdf
LH_sale_156,(LH_sale_156)_(최초모집공고)파주운정3A16BL공공분양팸플릿(정정).pdf
LH_sale_157,(LH_sale_157)_★김해진례C1BL공공분양주택팸플릿.pdf
LH_sale_157,(LH_sale_157)_(10.23공고)김해진례C-1블록공공분양주택입주자모집공고(최종).pdf
LH_sale_158,(LH_sale_158)_삼척도계2단지일반매각공고문_251027.pdf
LH_sale_159,(LH_sale_159)_(251030)_인천영종A37_잔여동호판.pdf
LH_sale_159,(LH_sale_159)_인천영종A37블록공공분양팸플릿.pdf
LH_sale_159,(LH_sale_159)_인천영종A33블록공공분양팸플릿.pdf
LH_sale_159,(LH_sale_159)_(251030)_인천영종A33_잔여동호판.pdf
LH_sale_159,(LH_sale_159)_인천영종A60블록공공분양팸플릿.pdf
LH_sale_159,(LH_sale_159)_(251030)_인천영종A60_잔여동호판.pdf
LH_sale_159,"(LH_sale_159)_(20251030)인천영종A33,37,60공공분양잔여세대모집공고(선착순동호지정).pdf"
LH_sale_159,(LH_sale_159)_위임장.pdf
LH_sale_160,"(LH_sale_160)_251031_세종시첫마을4,5,6단지공가주택일반매각공고문.pdf"
LH_sale_160,(LH_sale_160)_첫마을6단지일반매각팜플렛.pdf
LH_sale_160,(LH_sale_160)_첫마을5단지일반매각팜플렛.pdf
LH_sale_161,(LH_sale_161)_엘리프세종6-3M4신혼희망타운추가입주자모집공고문(2025.11.07).pdf
LH_sale_162,"(LH_sale_162)_양산사송에비뉴원신혼희망타운(공공분양)추가입주자모집공고문(선착순동호지정,오백만원정액제,5년무이자할부,잔금150일).pdf"
LH_sale_162,"(LH_sale_162)_동호지정동호판(홈페이지등록,11.07).pdf"
LH_sale_162,(LH_sale_162)_공가세대옵션내역(11.07).pdf
LH_sale_163,(LH_sale_163)_(2022.02.28최초공고)광주선운2신혼희망타운팸플릿.pdf
LH_sale_163,(LH_sale_163)_광주선운2신혼희망타운(공공분양)추가입주자모집공고문(2025.11.13).pdf
LH_sale_164,(LH_sale_164)_잔여세대현황(25.11.13기준).pdf
LH_sale_164,(LH_sale_164)_창원가포안단테선착순동호지정입주자모집공고(251113).pdf
LH_sale_165,(LH_sale_165)_(붙임)위임장(대리인계약시).pdf
LH_sale_165,(LH_sale_165)_★신서화성파크드림미분양매입잔여세대선착순수의계약공고.pdf
LH_sale_166,(LH_sale_166)_★김해진례C1BL공공분양주택팸플릿.pdf
LH_sale_166,(LH_sale_166)_(251119)김해진례C-1블록공공분양잔여세대자격완화추가입주자모집공고.pdf
